0 73 69 94 94 5 2 76 88 46 45 93 51 47 4 38 10 71 11 83 67 75 99 94 45 10 1 79 14 97 8 38 73 63 11 15 61 0 91 91 25 60 93 1 77 7 75 24 4 59 29 36 19 57 18 87 83 59 14 93 67 21 30 90 77 98 22 23 85 70 35 83 45 18 49 92 55 84 74 36 12 51 96 17 70 9 32 48 60 23 15 61 20 64 29 4 18 82 43 54 
73 0 75 86 41 20 5 2 77 23 69 56 82 27 44 40 97 61 34 14 52 66 68 21 64 54 45 35 4 69 88 27 38 45 88 7 58 12 27 5 36 48 47 60 55 20 78 54 7 0 73 5 31 76 95 79 80 9 98 62 0 52 15 76 58 59 26 10 41 85 1 19 39 82 37 16 20 23 56 21 27 95 1 6 96 22 97 23 39 52 84 93 96 98 23 14 52 85 11 63 
69 75 0 22 39 13 4 25 69 31 31 82 17 20 77 13 33 44 25 80 96 94 18 10 78 85 59 17 94 4 57 19 73 9 82 39 52 17 27 55 14 42 99 48 33 8 25 12 62 80 90 91 99 38 96 49 36 70 18 95 40 14 29 20 73 74 38 34 18 0 90 85 16 60 34 71 75 98 38 28 63 67 80 44 78 82 97 71 8 60 40 97 84 10 22 70 60 73 57 27 
94 86 22 0 36 77 63 54 3 63 69 74 96 57 93 59 71 48 64 28 26 8 56 17 69 49 54 3 15 78 95 78 35 85 81 11 23 66 23 66 32 5 92 58 22 57 3 22 90 79 30 6 9 33 87 47 87 23 72 66 68 71 82 8 65 12 43 86 2 18 46 79 18 28 75 26 32 2 51 28 13 99 18 15 45 74 0 48 62 45 61 46 55 78 49 83 6 33 90 59 
94 41 39 36 0 77 45 47 74 9 18 9 27 39 92 24 43 30 30 88 98 58 9 12 64 55 26 7 42 69 13 33 80 15 44 96 42 65 27 44 58 10 17 43 81 45 63 41 91 28 43 88 8 86 20 43 32 86 96 80 95 45 62 10 70 38 57 16 29 88 12 23 93 92 40 41 47 89 47 63 57 84 90 49 37 43 17 12 8 1 34 77 53 31 75 55 14 90 32 93 
5 20 13 77 77 0 9 88 44 9 99 15 91 23 62 92 76 54 77 40 39 92 16 25 14 81 43 82 64 6 71 52 98 50 63 72 13 56 57 13 68 94 57 72 22 93 1 84 82 42 82 99 43 89 53 34 18 76 42 64 30 34 45 79 14 9 90 18 25 89 15 22 58 9 66 81 65 11 81 75 30 31 92 25 32 68 62 88 73 30 4 16 56 79 80 60 67 89 30 23 
2 5 4 63 45 9 0 6 59 99 23 23 88 20 93 68 88 25 21 78 24 53 43 91 72 64 50 19 43 14 33 14 79 52 87 37 42 4 11 17 24 70 64 4 65 68 81 31 21 30 84 23 30 30 40 49 35 54 57 32 55 87 3 28 27 44 1 68 31 60 99 27 58 24 42 75 13 85 83 66 62 35 78 26 61 18 64 52 7 2 60 48 37 56 46 2 31 17 49 68 
76 2 25 54 47 88 6 0 50 69 98 58 22 36 64 74 76 32 30 69 15 53 91 45 29 99 60 98 29 16 55 39 34 49 7 56 91 2 60 81 65 92 84 48 0 19 78 3 66 68 82 53 72 68 21 6 18 45 31 29 25 49 82 77 63 49 93 27 90 40 73 47 77 80 58 47 60 92 85 36 30 3 96 76 8 75 14 32 15 21 9 39 70 57 62 98 37 65 40 33 
88 77 69 3 74 44 59 50 0 66 11 72 6 26 78 83 57 53 52 88 72 54 41 87 15 88 7 94 79 46 83 23 38 34 71 22 2 11 92 13 40 41 34 17 30 88 17 51 28 25 66 75 46 28 7 99 63 28 39 27 34 1 42 28 84 63 31 38 57 8 55 35 30 92 73 85 92 38 22 83 94 66 79 10 92 73 89 5 58 0 88 27 87 45 35 40 84 30 19 63 
46 23 31 63 9 9 99 69 66 0 64 87 65 94 5 83 61 59 26 25 77 58 2 25 71 2 77 20 90 40 58 92 74 17 89 41 85 8 94 59 17 28 85 45 27 71 75 29 78 67 37 2 49 52 16 70 1 2 97 67 79 64 34 80 60 66 60 63 81 35 50 26 21 42 54 14 1 9 6 36 71 54 58 54 71 5 48 52 34 79 16 44 11 70 41 27 18 89 84 13 
45 69 31 69 18 99 23 98 11 64 0 27 89 76 94 68 59 33 98 38 12 9 22 33 71 24 40 94 14 94 13 73 72 30 61 99 73 81 82 25 42 9 68 90 2 72 81 97 77 84 33 47 81 44 32 60 14 66 87 95 6 98 11 67 37 35 20 46 89 41 81 1 97 19 40 58 31 58 89 93 7 2 62 59 75 54 94 59 28 50 90 77 70 52 95 31 74 24 65 49 
93 56 82 74 9 15 23 58 72 87 27 0 58 53 12 69 67 63 45 44 95 34 75 12 6 78 30 67 14 33 23 74 64 7 18 97 88 64 29 30 60 55 46 92 85 69 50 98 79 51 99 20 75 84 47 17 37 6 53 82 18 20 21 94 54 65 39 70 74 95 65 95 82 89 10 18 97 53 25 59 37 96 57 13 77 73 0 81 12 45 15 77 32 7 10 11 10 19 61 37 
51 82 17 96 27 91 88 22 6 65 89 58 0 32 47 10 3 44 15 76 92 91 21 83 1 90 79 12 40 75 47 19 47 56 83 36 47 95 67 31 60 53 99 92 62 97 45 21 2 55 23 69 5 50 69 93 12 65 6 24 76 33 71 5 36 67 44 76 9 8 18 12 18 14 96 11 64 65 26 46 15 38 3 13 38 58 9 75 55 34 23 57 90 77 58 12 8 60 16 26 
47 27 20 57 39 23 20 36 26 94 76 53 32 0 75 65 65 33 64 6 70 68 56 92 76 81 39 97 73 4 30 91 38 36 31 82 36 11 38 61 66 81 62 56 51 51 44 60 28 61 91 84 78 81 5 31 65 78 9 9 23 41 42 22 30 6 51 68 87 57 99 69 41 75 38 25 37 51 41 45 76 86 95 16 42 38 40 28 44 41 74 33 36 25 61 50 46 63 99 32 
4 44 77 93 92 62 93 64 78 5 94 12 47 75 0 15 1 46 11 42 8 21 14 59 98 13 66 91 10 79 78 19 65 8 94 12 29 49 37 63 29 65 67 95 40 33 27 24 21 6 93 77 14 31 47 67 63 33 97 39 30 55 63 97 57 50 62 19 51 95 2 90 27 19 66 0 25 51 48 85 62 0 82 1 46 31 61 42 56 64 78 70 26 44 6 29 45 34 98 32 
38 40 13 59 24 92 68 74 83 83 68 69 10 65 15 0 7 12 86 64 95 17 30 0 58 93 67 36 39 71 7 88 80 26 3 37 23 59 71 14 61 70 51 33 62 11 61 27 77 39 28 33 51 39 35 17 30 72 4 76 42 52 91 61 8 60 65 62 81 62 2 50 93 0 59 63 48 30 72 4 69 93 73 45 9 92 26 90 54 76 92 9 89 34 86 88 77 16 20 99 
10 97 33 71 43 76 88 76 57 61 59 67 3 65 1 7 0 82 8 95 73 88 43 29 33 75 58 14 39 2 93 83 44 58 73 34 2 30 64 2 0 42 34 36 57 20 86 47 59 13 21 96 29 11 47 45 29 86 24 95 28 21 36 29 79 23 2 91 59 78 4 91 47 27 24 86 68 58 71 42 53 68 87 83 9 70 31 32 30 31 79 55 11 22 25 60 88 61 90 21 
71 61 44 48 30 54 25 32 53 59 33 63 44 33 46 12 82 0 44 34 42 53 15 44 31 35 41 97 11 10 91 41 75 63 57 64 27 25 15 24 64 95 16 21 37 2 84 71 5 77 89 26 92 67 0 95 12 16 41 93 53 98 84 97 52 1 97 15 4 8 2 86 11 42 16 22 24 29 43 51 8 6 10 29 10 86 67 50 42 51 82 96 50 70 4 72 4 59 69 57 
11 34 25 64 30 77 21 30 52 26 98 45 15 64 11 86 8 44 0 74 73 66 73 11 85 1 44 9 25 70 39 47 85 7 76 29 76 42 19 58 99 29 68 33 98 59 1 75 96 61 83 20 93 51 76 76 74 8 33 24 16 39 73 97 17 24 19 52 48 51 44 51 5 31 30 3 99 21 94 38 25 13 37 67 15 69 61 11 91 62 47 78 44 56 30 55 34 58 62 92 
83 14 80 28 88 40 78 69 88 25 38 44 76 6 42 64 95 34 74 0 22 88 5 38 11 14 86 3 68 94 61 49 96 10 51 82 36 92 90 12 8 29 3 15 61 23 53 76 96 87 61 69 67 11 56 58 92 24 28 50 82 50 15 27 48 22 40 70 27 64 68 62 27 31 36 90 61 46 60 5 24 72 27 74 94 10 48 77 76 20 68 4 56 25 40 45 17 34 10 47 
67 52 96 26 98 39 24 15 72 77 12 95 92 70 8 95 73 42 73 22 0 72 90 31 6 46 35 0 64 18 92 69 46 69 22 57 12 91 75 4 48 27 77 1 60 22 87 56 34 68 47 83 32 67 76 23 76 88 56 69 41 87 97 1 26 75 95 3 86 94 93 53 49 2 89 49 27 52 37 55 51 24 75 4 53 17 59 87 63 42 28 4 60 97 92 80 61 47 65 33 
75 66 94 8 58 92 53 53 54 58 9 34 91 68 21 17 88 53 66 88 72 0 81 16 20 55 52 49 95 78 48 3 5 92 75 73 52 1 79 77 12 73 47 87 34 53 73 23 79 70 61 88 54 71 53 80 8 46 48 46 51 81 12 70 60 0 43 96 25 57 22 39 33 63 69 99 2 48 5 85 53 99 55 90 68 25 97 55 41 93 22 35 29 1 78 29 31 11 83 4 
99 68 18 56 9 16 43 91 41 2 22 75 21 56 14 30 43 15 73 5 90 81 0 21 78 29 48 60 46 57 51 12 45 52 15 14 2 70 46 62 26 17 88 39 2 14 83 81 36 83 69 48 93 10 65 90 82 93 55 59 77 30 5 60 15 85 58 22 84 16 7 71 55 26 71 50 83 91 87 79 68 35 21 41 86 36 80 23 46 78 92 64 54 1 24 22 20 85 65 74 
94 21 10 17 12 25 91 45 87 25 33 12 83 92 59 0 29 44 11 38 31 16 21 0 17 65 53 81 48 40 40 90 81 73 37 39 66 49 61 69 97 59 43 96 34 55 32 37 3 1 29 58 38 71 5 28 45 78 24 27 61 86 76 7 75 41 20 97 54 50 46 92 7 0 77 37 93 4 98 44 26 91 38 44 33 4 53 13 16 39 25 25 69 29 6 14 87 99 49 69 
45 64 78 69 64 14 72 29 15 71 71 6 1 76 98 58 33 31 85 11 6 20 78 17 0 8 33 7 37 28 78 63 18 93 46 54 48 93 19 26 37 95 84 65 85 45 59 51 7 34 44 34 57 3 74 34 19 24 71 56 94 12 59 15 31 52 41 77 9 8 24 1 43 95 86 9 69 18 2 31 21 2 12 9 13 17 19 78 64 81 43 49 22 15 7 4 80 15 88 21 
10 54 85 49 55 81 64 99 88 2 24 78 90 81 13 93 75 35 1 14 46 55 29 65 8 0 91 85 70 32 51 56 58 62 55 25 62 84 64 42 21 58 27 19 42 45 98 84 66 87 41 60 75 66 21 74 0 53 50 99 78 78 66 59 26 83 65 59 84 58 14 42 98 86 73 42 42 64 35 21 35 17 7 41 71 30 90 77 88 50 14 33 60 99 74 68 15 4 53 79 
1 45 59 54 26 43 50 60 7 77 40 30 79 39 66 67 58 41 44 86 35 52 48 53 33 91 0 7 29 68 9 48 43 29 85 75 86 33 68 83 28 40 56 30 55 8 59 45 2 39 40 83 80 45 35 68 6 5 55 93 70 34 5 14 91 66 54 90 63 74 17 86 54 61 70 8 58 41 6 66 8 49 8 76 68 30 63 59 79 8 53 62 48 73 8 44 37 23 55 91 
79 35 17 3 7 82 19 98 94 20 94 67 12 97 91 36 14 97 9 3 0 49 60 81 7 85 7 0 40 13 83 23 78 52 54 23 85 7 92 25 48 1 28 87 3 60 78 8 94 78 78 23 55 59 19 68 98 42 97 73 20 57 35 51 21 66 82 77 46 72 78 63 47 13 30 91 22 53 58 40 96 66 38 80 16 18 58 12 69 90 60 57 39 68 25 65 57 83 96 34 
14 4 94 15 42 64 43 29 79 90 14 14 40 73 10 39 39 11 25 68 64 95 46 48 37 70 29 40 0 13 18 8 2 4 74 76 84 24 8 64 90 11 54 45 20 14 52 65 52 58 71 60 18 89 81 97 38 97 56 9 47 80 75 17 66 99 69 3 23 33 5 16 32 10 57 79 28 61 55 99 1 17 21 16 57 31 20 75 45 1 63 37 27 77 57 91 90 57 84 15 
97 69 4 78 69 6 14 16 46 40 94 33 75 4 79 71 2 10 70 94 18 78 57 40 28 32 68 13 13 0 20 5 72 49 11 6 23 59 43 30 26 73 47 11 40 86 65 48 53 39 71 74 50 0 12 23 59 0 47 49 1 84 78 21 21 89 85 62 96 70 94 92 21 19 81 47 28 60 91 53 36 56 44 31 64 18 87 67 25 73 21 19 71 22 58 92 80 42 82 78 
8 88 57 95 13 71 33 55 83 58 13 23 47 30 78 7 93 91 39 61 92 48 51 40 78 51 9 83 18 20 0 89 4 68 7 7 57 7 78 17 99 7 53 1 47 27 64 48 18 74 88 14 54 62 96 73 40 11 91 93 73 38 6 44 53 46 35 38 59 35 3 72 71 76 84 68 84 60 13 80 62 77 22 36 42 5 15 57 91 78 49 16 98 64 75 6 49 60 61 77 
38 27 19 78 33 52 14 39 23 92 73 74 19 91 19 88 83 41 47 49 69 3 12 90 63 56 48 23 8 5 89 0 81 78 98 23 75 51 10 70 91 92 27 67 12 60 38 82 55 84 92 34 27 59 94 57 52 76 20 15 91 69 68 8 70 63 15 31 85 11 24 85 83 43 2 53 4 77 30 92 63 44 20 84 72 9 50 9 25 67 93 80 80 58 29 64 23 20 23 93 
73 38 73 35 80 98 79 34 38 74 72 64 47 38 65 80 44 75 85 96 46 5 45 81 18 58 43 78 2 72 4 81 0 39 57 45 82 58 77 76 42 12 75 88 23 59 0 69 83 50 8 34 6 59 37 91 39 25 66 83 55 60 85 97 67 50 80 89 6 34 60 67 42 7 88 32 9 55 81 26 7 24 30 93 6 47 57 17 66 99 26 62 78 49 7 93 15 98 65 33 
63 45 9 85 15 50 52 49 34 17 30 7 56 36 8 26 58 63 7 10 69 92 52 73 93 62 29 52 4 49 68 78 39 0 51 84 71 70 89 0 8 37 7 47 50 80 0 27 32 67 11 41 40 59 63 17 89 90 45 50 70 44 91 66 52 80 31 64 60 26 23 72 89 47 85 18 48 41 2 28 37 57 7 73 41 78 68 26 72 92 17 38 33 29 89 44 4 98 36 53 
11 88 82 81 44 63 87 7 71 89 61 18 83 31 94 3 73 57 76 51 22 75 15 37 46 55 85 54 74 11 7 98 57 51 0 83 53 76 39 0 30 96 74 54 24 53 64 18 94 60 30 89 49 16 77 75 83 68 10 33 36 64 86 41 80 12 85 74 81 20 57 12 51 38 5 25 25 25 46 10 2 24 90 83 56 75 59 25 7 91 18 9 1 3 53 45 81 82 6 70 
15 7 39 11 96 72 37 56 22 41 99 97 36 82 12 37 34 64 29 82 57 73 14 39 54 25 75 23 76 6 7 23 45 84 83 0 54 56 13 74 33 97 52 21 85 23 17 35 69 62 11 36 32 44 64 74 5 27 66 10 69 28 73 49 85 86 57 18 54 46 69 5 96 67 47 77 87 17 56 77 8 90 74 96 51 57 20 95 8 31 74 92 0 26 82 48 72 79 26 71 
61 58 52 23 42 13 42 91 2 85 73 88 47 36 29 23 2 27 76 36 12 52 2 66 48 62 86 85 84 23 57 75 82 71 53 54 0 16 91 51 71 25 66 73 70 95 9 52 73 31 4 47 86 68 13 91 56 80 42 86 86 92 81 79 92 15 35 93 92 13 56 28 32 91 89 32 83 18 33 89 19 4 84 81 38 44 72 44 44 46 14 65 60 27 77 74 89 82 73 17 
0 12 17 66 65 56 4 2 11 8 81 64 95 11 49 59 30 25 42 92 91 1 70 49 93 84 33 7 24 59 7 51 58 70 76 56 16 0 47 66 4 36 77 70 47 46 41 75 59 59 34 97 58 54 26 93 66 16 40 89 18 60 27 64 98 37 36 67 29 20 12 76 62 10 78 90 2 24 7 62 49 89 31 1 70 88 91 34 56 15 48 89 38 7 39 71 61 85 25 64 
91 27 27 23 27 57 11 60 92 94 82 29 67 38 37 71 64 15 19 90 75 79 46 61 19 64 68 92 8 43 78 10 77 89 39 13 91 47 0 24 0 36 51 92 96 34 48 97 30 22 56 37 77 41 72 48 64 24 67 36 85 95 54 42 94 87 33 44 30 67 24 56 82 43 13 21 4 70 0 24 43 98 76 54 53 93 27 64 82 15 69 31 70 33 21 46 28 4 5 28 
91 5 55 66 44 13 17 81 13 59 25 30 31 61 63 14 2 24 58 12 4 77 62 69 26 42 83 25 64 30 17 70 76 0 0 74 51 66 24 0 91 66 95 74 10 96 96 40 15 33 60 91 1 86 22 28 90 99 77 78 94 0 95 33 89 39 21 50 7 65 96 25 58 84 54 46 43 68 43 43 49 92 74 22 90 83 3 55 60 34 63 63 71 88 14 35 59 13 79 34 
25 36 14 32 58 68 24 65 40 17 42 60 60 66 29 61 0 64 99 8 48 12 26 97 37 21 28 48 90 26 99 91 42 8 30 33 71 4 0 91 0 77 83 16 48 85 70 68 85 99 2 79 17 58 79 49 53 51 88 74 95 38 94 83 41 74 59 68 23 72 42 81 30 7 14 31 39 37 3 37 53 12 19 3 54 33 9 53 76 48 78 67 8 38 1 67 82 48 72 83 
60 48 42 5 10 94 70 92 41 28 9 55 53 81 65 70 42 95 29 29 27 73 17 59 95 58 40 1 11 73 7 92 12 37 96 97 25 36 36 66 77 0 23 20 11 46 82 17 85 9 76 42 13 54 32 39 79 95 6 3 94 15 60 25 0 94 54 42 64 75 72 22 88 27 85 31 23 47 86 14 32 68 98 99 24 74 80 52 13 43 61 64 67 26 55 85 79 12 89 67 
93 47 99 92 17 57 64 84 34 85 68 46 99 62 67 51 34 16 68 3 77 47 88 43 84 27 56 28 54 47 53 27 75 7 74 52 66 77 51 95 83 23 0 54 89 17 51 78 10 99 37 75 58 19 28 69 70 12 50 17 45 43 14 97 20 8 84 20 71 98 14 10 52 69 37 96 23 63 70 55 26 16 73 19 10 71 69 41 22 92 65 32 80 43 7 80 69 93 99 0 
1 60 48 58 43 72 4 48 17 45 90 92 92 56 95 33 36 21 33 15 1 87 39 96 65 19 30 87 45 11 1 67 88 47 54 21 73 70 92 74 16 20 54 0 64 74 86 34 62 86 44 9 21 48 70 2 42 20 44 30 99 88 38 11 73 77 21 28 18 26 29 18 83 37 81 80 15 81 62 59 31 25 47 63 49 87 64 80 39 95 26 45 14 24 91 41 54 3 98 94 
77 55 33 22 81 22 65 0 30 27 2 85 62 51 40 62 57 37 98 61 60 34 2 34 85 42 55 3 20 40 47 12 23 50 24 85 70 47 96 10 48 11 89 64 0 23 47 37 6 64 57 41 56 92 1 86 72 94 40 12 26 41 76 48 89 44 56 63 55 38 21 64 71 37 6 12 37 60 78 3 81 94 99 92 79 93 97 25 34 64 84 73 51 56 31 6 36 25 85 34 
7 20 8 57 45 93 68 19 88 71 72 69 97 51 33 11 20 2 59 23 22 53 14 55 45 45 8 60 14 86 27 60 59 80 53 23 95 46 34 96 85 46 17 74 23 0 72 83 97 52 82 11 90 83 58 52 7 23 55 65 13 50 29 12 16 1 76 99 10 35 86 47 80 42 34 30 61 25 74 26 94 0 94 2 87 98 17 15 6 40 10 47 9 99 7 36 88 16 7 1 
75 78 25 3 63 1 81 78 17 75 81 50 45 44 27 61 86 84 1 53 87 73 83 32 59 98 59 78 52 65 64 38 0 0 64 17 9 41 48 96 70 82 51 86 47 72 0 65 37 66 97 3 11 6 88 1 90 55 97 95 9 66 89 65 18 61 97 27 23 41 58 1 63 5 50 56 99 74 53 0 25 84 82 24 90 81 34 43 86 67 63 4 28 2 21 88 3 94 39 38 
24 54 12 22 41 84 31 3 51 29 97 98 21 60 24 27 47 71 75 76 56 23 81 37 51 84 45 8 65 48 48 82 69 27 18 35 52 75 97 40 68 17 78 34 37 83 65 0 25 46 22 67 65 6 61 12 26 66 44 29 77 28 42 23 43 62 53 36 5 91 81 5 32 44 0 88 21 49 44 91 52 66 45 49 2 15 9 68 65 47 81 35 79 68 10 56 18 26 4 88 
4 7 62 90 91 82 21 66 28 78 77 79 2 28 21 77 59 5 96 96 34 79 36 3 7 66 2 94 52 53 18 55 83 32 94 69 73 59 30 15 85 85 10 62 6 97 37 25 0 79 95 69 30 12 41 33 61 3 78 9 50 28 80 77 58 6 95 94 12 31 52 76 61 81 7 45 99 19 56 59 8 39 70 10 63 11 84 8 72 91 92 24 68 35 45 45 34 9 71 45 
59 0 80 79 28 42 30 68 25 67 84 51 55 61 6 39 13 77 61 87 68 70 83 1 34 87 39 78 58 39 74 84 50 67 60 62 31 59 22 33 99 9 99 86 64 52 66 46 79 0 84 65 26 26 21 7 99 7 41 33 46 70 34 22 0 13 68 62 3 58 79 91 60 79 71 3 20 58 49 19 19 85 76 23 52 98 26 51 25 77 20 70 93 30 75 36 59 80 57 49 
29 73 90 30 43 82 84 82 66 37 33 99 23 91 93 28 21 89 83 61 47 61 69 29 44 41 40 78 71 71 88 92 8 11 30 11 4 34 56 60 2 76 37 44 57 82 97 22 95 84 0 70 26 44 12 5 54 8 85 42 63 11 7 74 99 56 85 91 12 84 7 56 70 25 92 71 14 36 21 76 46 94 12 98 68 57 38 80 59 8 85 22 24 92 19 28 98 80 47 6 
36 5 91 6 88 99 23 53 75 2 47 20 69 84 77 33 96 26 20 69 83 88 48 58 34 60 83 23 60 74 14 34 34 41 89 36 47 97 37 91 79 42 75 9 41 11 3 67 69 65 70 0 92 71 9 20 58 25 80 92 6 56 89 10 0 92 71 71 85 80 85 25 32 50 63 9 81 92 33 2 58 17 93 38 15 96 91 3 10 7 69 11 3 34 23 3 0 41 73 52 
19 31 99 9 8 43 30 72 46 49 81 75 5 78 14 51 29 92 93 67 32 54 93 38 57 75 80 55 18 50 54 27 6 40 49 32 86 58 77 1 17 13 58 21 56 90 11 65 30 26 26 92 0 52 68 40 67 41 57 63 95 87 51 70 68 79 17 26 34 60 97 26 47 57 70 13 57 43 8 9 59 29 18 47 38 61 44 24 31 76 75 48 11 5 69 46 57 94 82 71 
57 76 38 33 86 89 30 68 28 52 44 84 50 81 31 39 11 67 51 11 67 71 10 71 3 66 45 59 89 0 62 59 59 59 16 44 68 54 41 86 58 54 19 48 92 83 6 6 12 26 44 71 52 0 83 28 47 21 84 23 0 54 30 17 81 1 39 63 84 10 40 13 30 1 60 63 27 4 62 75 47 52 58 94 94 72 45 53 50 22 75 29 28 85 41 50 17 24 59 43 
18 95 96 87 20 53 40 21 7 16 32 47 69 5 47 35 47 0 76 56 76 53 65 5 74 21 35 19 81 12 96 94 37 63 77 64 13 26 72 22 79 32 28 70 1 58 88 61 41 21 12 9 68 83 0 77 31 39 86 45 99 59 85 20 33 63 18 51 49 19 31 51 57 55 57 11 43 31 22 70 54 38 88 15 38 62 36 55 69 90 7 45 50 19 87 44 28 31 65 47 
87 79 49 47 43 34 49 6 99 70 60 17 93 31 67 17 45 95 76 58 23 80 90 28 34 74 68 68 97 23 73 57 91 17 75 74 91 93 48 28 49 39 69 2 86 52 1 12 33 7 5 20 40 28 77 0 66 74 54 35 41 90 4 64 1 26 78 21 29 46 14 41 42 13 2 21 31 58 41 46 58 25 8 70 64 97 24 97 1 18 74 8 98 1 32 79 52 89 33 95 
83 80 36 87 32 18 35 18 63 1 14 37 12 65 63 30 29 12 74 92 76 8 82 45 19 0 6 98 38 59 40 52 39 89 83 5 56 66 64 90 53 79 70 42 72 7 90 26 61 99 54 58 67 47 31 66 0 62 29 97 58 70 99 1 30 80 11 70 0 26 84 84 18 39 94 84 99 90 37 59 49 46 45 95 86 52 38 88 55 60 26 12 63 24 37 18 20 65 96 53 
59 9 70 23 86 76 54 45 28 2 66 6 65 78 33 72 86 16 8 24 88 46 93 78 24 53 5 42 97 0 11 76 25 90 68 27 80 16 24 99 51 95 12 20 94 23 55 66 3 7 8 25 41 21 39 74 62 0 23 99 29 43 60 35 30 76 15 7 72 77 18 30 85 93 23 29 53 2 10 49 50 11 50 81 94 65 74 90 30 27 31 21 48 78 12 89 56 44 39 58 
14 98 18 72 96 42 57 31 39 97 87 53 6 9 97 4 24 41 33 28 56 48 55 24 71 50 55 97 56 47 91 20 66 45 10 66 42 40 67 77 88 6 50 44 40 55 97 44 78 41 85 80 57 84 86 54 29 23 0 54 89 58 78 62 96 17 78 34 32 86 43 52 62 12 49 35 48 28 75 72 70 72 8 88 8 75 57 28 9 66 57 76 82 31 38 88 30 67 0 4 
93 62 95 66 80 64 32 29 27 67 95 82 24 9 39 76 95 93 24 50 69 46 59 27 56 99 93 73 9 49 93 15 83 50 33 10 86 89 36 78 74 3 17 30 12 65 95 29 9 33 42 92 63 23 45 35 97 99 54 0 93 92 6 29 10 77 75 76 41 30 63 55 44 59 12 54 14 99 83 76 38 52 50 49 41 8 13 82 90 3 99 47 97 20 60 45 10 2 9 60 
67 0 40 68 95 30 55 25 34 79 6 18 76 23 30 42 28 53 16 82 41 51 77 61 94 78 70 20 47 1 73 91 55 70 36 69 86 18 85 94 95 94 45 99 26 13 9 77 50 46 63 6 95 0 99 41 58 29 89 93 0 71 48 48 86 53 70 84 37 2 17 27 5 43 56 90 78 77 13 56 73 21 20 47 36 16 75 76 43 26 77 69 20 99 62 12 46 79 50 53 
21 52 14 71 45 34 87 49 1 64 98 20 33 41 55 52 21 98 39 50 87 81 30 86 12 78 34 57 80 84 38 69 60 44 64 28 92 60 95 0 38 15 43 88 41 50 66 28 28 70 11 56 87 54 59 90 70 43 58 92 71 0 26 78 41 72 62 45 36 96 26 30 87 75 60 78 78 88 35 51 79 45 71 75 27 80 47 11 68 56 91 84 44 11 92 74 4 87 97 46 
30 15 29 82 62 45 3 82 42 34 11 21 71 42 63 91 36 84 73 15 97 12 5 76 59 66 5 35 75 78 6 68 85 91 86 73 81 27 54 95 94 60 14 38 76 29 89 42 80 34 7 89 51 30 85 4 99 60 78 6 48 26 0 47 94 78 0 16 34 20 25 37 65 31 33 37 80 55 76 41 34 54 57 14 0 80 4 95 90 4 49 48 60 70 25 77 78 78 52 37 
90 76 20 8 10 79 28 77 28 80 67 94 5 22 97 61 29 97 97 27 1 70 60 7 15 59 14 51 17 21 44 8 97 66 41 49 79 64 42 33 83 25 97 11 48 12 65 23 77 22 74 10 70 17 20 64 1 35 62 29 48 78 47 0 77 68 74 89 95 1 50 70 13 88 65 38 91 80 81 61 19 85 57 74 22 85 90 71 67 82 39 15 45 25 41 70 8 93 82 58 
77 58 73 65 70 14 27 63 84 60 37 54 36 30 57 8 79 52 17 48 26 60 15 75 31 26 91 21 66 21 53 70 67 52 80 85 92 98 94 89 41 0 20 73 89 16 18 43 58 0 99 0 68 81 33 1 30 30 96 10 86 41 94 77 0 98 16 55 45 28 9 55 37 86 22 86 83 75 16 5 91 78 17 16 48 68 9 22 11 95 76 87 84 10 26 48 69 62 33 63 
98 59 74 12 38 9 44 49 63 66 35 65 67 6 50 60 23 1 24 22 75 0 85 41 52 83 66 66 99 89 46 63 50 80 12 86 15 37 87 39 74 94 8 77 44 1 61 62 6 13 56 92 79 1 63 26 80 76 17 77 53 72 78 68 98 0 81 28 95 37 60 53 32 4 9 46 22 88 53 0 69 0 70 10 30 89 50 64 14 71 93 60 40 53 76 79 71 46 12 7 
22 26 38 43 57 90 1 93 31 60 20 39 44 51 62 65 2 97 19 40 95 43 58 20 41 65 54 82 69 85 35 15 80 31 85 57 35 36 33 21 59 54 84 21 56 76 97 53 95 68 85 71 17 39 18 78 11 15 78 75 70 62 0 74 16 81 0 1 47 90 62 85 99 80 33 98 88 95 62 71 52 15 62 2 64 16 27 44 68 67 82 11 83 0 8 3 77 53 7 49 
23 10 34 86 16 18 68 27 38 63 46 70 76 68 19 62 91 15 52 70 3 96 22 97 77 59 90 77 3 62 38 31 89 64 74 18 93 67 44 50 68 42 20 28 63 99 27 36 94 62 91 71 26 63 51 21 70 7 34 76 84 45 16 89 55 28 1 0 66 43 90 17 92 86 56 38 3 91 77 75 72 38 13 88 16 62 58 29 14 52 92 90 44 62 83 93 50 35 93 7 
85 41 18 2 29 25 31 90 57 81 89 74 9 87 51 81 59 4 48 27 86 25 84 54 9 84 63 46 23 96 59 85 6 60 81 54 92 29 30 7 23 64 71 18 55 10 23 5 12 3 12 85 34 84 49 29 0 72 32 41 37 36 34 95 45 95 47 66 0 16 34 81 85 2 1 55 50 40 8 96 92 18 11 32 57 28 66 39 54 74 46 21 74 48 80 70 64 28 40 49 
70 85 0 18 88 89 60 40 8 35 41 95 8 57 95 62 78 8 51 64 94 57 16 50 8 58 74 72 33 70 35 11 34 26 20 46 13 20 67 65 72 75 98 26 38 35 41 91 31 58 84 80 60 10 19 46 26 77 86 30 2 96 20 1 28 37 90 43 16 0 84 72 81 14 41 5 80 21 47 84 18 5 55 84 90 18 88 24 10 83 67 75 28 23 58 17 40 74 60 64 
35 1 90 46 12 15 99 73 55 50 81 65 18 99 2 2 4 2 44 68 93 22 7 46 24 14 17 78 5 94 3 24 60 23 57 69 56 12 24 96 42 72 14 29 21 86 58 81 52 79 7 85 97 40 31 14 84 18 43 63 17 26 25 50 9 60 62 90 34 84 0 63 10 92 79 95 43 20 9 58 35 17 66 85 58 56 53 79 14 98 9 40 78 31 69 93 36 87 89 24 
83 19 85 79 23 22 27 47 35 26 1 95 12 69 90 50 91 86 51 62 53 39 71 92 1 42 86 63 16 92 72 85 67 72 12 5 28 76 56 25 81 22 10 18 64 47 1 5 76 91 56 25 26 13 51 41 84 30 52 55 27 30 37 70 55 53 85 17 81 72 63 0 3 87 72 16 2 54 31 57 86 87 51 25 98 19 26 77 16 42 38 30 55 46 98 70 11 75 9 55 
45 39 16 18 93 58 58 77 30 21 97 82 18 41 27 93 47 11 5 27 49 33 55 7 43 98 54 47 32 21 71 83 42 89 51 96 32 62 82 58 30 88 52 83 71 80 63 32 61 60 70 32 47 30 57 42 18 85 62 44 5 87 65 13 37 32 99 92 85 81 10 3 0 53 8 80 18 32 2 63 59 99 99 31 9 68 30 59 80 23 89 20 58 39 53 81 11 26 66 83 
18 82 60 28 92 9 24 80 92 42 19 89 14 75 19 0 27 42 31 31 2 63 26 0 95 86 61 13 10 19 76 43 7 47 38 67 91 10 43 84 7 27 69 37 37 42 5 44 81 79 25 50 57 1 55 13 39 93 12 59 43 75 31 88 86 4 80 86 2 14 92 87 53 0 42 76 14 2 37 18 42 44 32 43 60 78 37 98 31 31 64 49 60 91 43 89 5 77 97 27 
49 37 34 75 40 66 42 58 73 54 40 10 96 38 66 59 24 16 30 36 89 69 71 77 86 73 70 30 57 81 84 2 88 85 5 47 89 78 13 54 14 85 37 81 6 34 50 0 7 71 92 63 70 60 57 2 94 23 49 12 56 60 33 65 22 9 33 56 1 41 79 72 8 42 0 18 84 42 67 95 73 34 99 21 56 83 99 53 23 84 18 67 79 72 15 24 56 30 92 77 
92 16 71 26 41 81 75 47 85 14 58 18 11 25 0 63 86 22 3 90 49 99 50 37 9 42 8 91 79 47 68 53 32 18 25 77 32 90 21 46 31 31 96 80 12 30 56 88 45 3 71 9 13 63 11 21 84 29 35 54 90 78 37 38 86 46 98 38 55 5 95 16 80 76 18 0 1 46 83 12 40 52 48 25 11 19 6 51 47 89 13 91 35 49 11 76 96 85 78 87 
55 20 75 32 47 65 13 60 92 1 31 97 64 37 25 48 68 24 99 61 27 2 83 93 69 42 58 22 28 28 84 4 9 48 25 87 83 2 4 43 39 23 23 15 37 61 99 21 99 20 14 81 57 27 43 31 99 53 48 14 78 78 80 91 83 22 88 3 50 80 43 2 18 14 84 1 0 64 73 53 65 13 52 63 10 68 5 84 5 97 20 5 85 21 95 18 86 1 79 86 
84 23 98 2 89 11 85 92 38 9 58 53 65 51 51 30 58 29 21 46 52 48 91 4 18 64 41 53 61 60 60 77 55 41 25 17 18 24 70 68 37 47 63 81 60 25 74 49 19 58 36 92 43 4 31 58 90 2 28 99 77 88 55 80 75 88 95 91 40 21 20 54 32 2 42 46 64 0 49 4 11 95 56 24 15 79 13 89 64 34 44 87 32 0 39 37 52 25 46 49 
74 56 38 51 47 81 83 85 22 6 89 25 26 41 48 72 71 43 94 60 37 5 87 98 2 35 6 58 55 91 13 30 81 2 46 56 33 7 0 43 3 86 70 62 78 74 53 44 56 49 21 33 8 62 22 41 37 10 75 83 13 35 76 81 16 53 62 77 8 47 9 31 2 37 67 83 73 49 0 98 7 99 34 64 5 95 75 80 22 38 50 89 7 44 78 50 80 57 4 50 
36 21 28 28 63 75 66 36 83 36 93 59 46 45 85 4 42 51 38 5 55 85 79 44 31 21 66 40 99 53 80 92 26 28 10 77 89 62 24 43 37 14 55 59 3 26 0 91 59 19 76 2 9 75 70 46 59 49 72 76 56 51 41 61 5 0 71 75 96 84 58 57 63 18 95 12 53 4 98 0 0 62 68 47 72 7 42 31 90 39 3 44 66 27 98 39 85 15 54 96 
12 27 63 13 57 30 62 30 94 71 7 37 15 76 62 69 53 8 25 24 51 53 68 26 21 35 8 96 1 36 62 63 7 37 2 8 19 49 43 49 53 32 26 31 81 94 25 52 8 19 46 58 59 47 54 58 49 50 70 38 73 79 34 19 91 69 52 72 92 18 35 86 59 42 73 40 65 11 7 0 0 96 27 26 55 27 65 74 66 11 90 55 85 80 22 2 2 59 43 85 
51 95 67 99 84 31 35 3 66 54 2 96 38 86 0 93 68 6 13 72 24 99 35 91 2 17 49 66 17 56 77 44 24 57 24 90 4 89 98 92 12 68 16 25 94 0 84 66 39 85 94 17 29 52 38 25 46 11 72 52 21 45 54 85 78 0 15 38 18 5 17 87 99 44 34 52 13 95 99 62 96 0 75 15 65 83 52 94 84 90 53 95 22 97 67 18 76 10 30 51 
96 1 80 18 90 92 78 96 79 58 62 57 3 95 82 73 87 10 37 27 75 55 21 38 12 7 8 38 21 44 22 20 30 7 90 74 84 31 76 74 19 98 73 47 99 94 82 45 70 76 12 93 18 58 88 8 45 50 8 50 20 71 57 57 17 70 62 13 11 55 66 51 99 32 99 48 52 56 34 68 27 75 0 18 72 39 2 41 50 39 54 40 37 0 5 3 90 26 60 8 
17 6 44 15 49 25 26 76 10 54 59 13 13 16 1 45 83 29 67 74 4 90 41 44 9 41 76 80 16 31 36 84 93 73 83 96 81 1 54 22 3 99 19 63 92 2 24 49 10 23 98 38 47 94 15 70 95 81 88 49 47 75 14 74 16 10 2 88 32 84 85 25 31 43 21 25 63 24 64 47 26 15 18 0 22 44 11 42 81 80 95 67 49 61 34 68 45 16 63 76 
70 96 78 45 37 32 61 8 92 71 75 77 38 42 46 9 9 10 15 94 53 68 86 33 13 71 68 16 57 64 42 72 6 41 56 51 38 70 53 90 54 24 10 49 79 87 90 2 63 52 68 15 38 94 38 64 86 94 8 41 36 27 0 22 48 30 64 16 57 90 58 98 9 60 56 11 10 15 5 72 55 65 72 22 0 81 77 90 93 23 98 26 2 35 44 57 65 48 45 0 
9 22 82 74 43 68 18 75 73 5 54 73 58 38 31 92 70 86 69 10 17 25 36 4 17 30 30 18 31 18 5 9 47 78 75 57 44 88 93 83 33 74 71 87 93 98 81 15 11 98 57 96 61 72 62 97 52 65 75 8 16 80 80 85 68 89 16 62 28 18 56 19 68 78 83 19 68 79 95 7 27 83 39 44 81 0 95 31 14 0 34 71 14 60 38 25 82 29 12 96 
32 97 97 0 17 62 64 14 89 48 94 0 9 40 61 26 31 67 61 48 59 97 80 53 19 90 63 58 20 87 15 50 57 68 59 20 72 91 27 3 9 80 69 64 97 17 34 9 84 26 38 91 44 45 36 24 38 74 57 13 75 47 4 90 9 50 27 58 66 88 53 26 30 37 99 6 5 13 75 42 65 52 2 11 77 95 0 98 66 86 48 52 15 91 72 96 47 70 6 4 
48 23 71 48 12 88 52 32 5 52 59 81 75 28 42 90 32 50 11 77 87 55 23 13 78 77 59 12 75 67 57 9 17 26 25 95 44 34 64 55 53 52 41 80 25 15 43 68 8 51 80 3 24 53 55 97 88 90 28 82 76 11 95 71 22 64 44 29 39 24 79 77 59 98 53 51 84 89 80 31 74 94 41 42 90 31 98 0 69 0 39 9 32 95 66 17 55 16 21 66 
60 39 8 62 8 73 7 15 58 34 28 12 55 44 56 54 30 42 91 76 63 41 46 16 64 88 79 69 45 25 91 25 66 72 7 8 44 56 82 60 76 13 22 39 34 6 86 65 72 25 59 10 31 50 69 1 55 30 9 90 43 68 90 67 11 14 68 14 54 10 14 16 80 31 23 47 5 64 22 90 66 84 50 81 93 14 66 69 0 92 5 89 66 22 39 65 77 17 37 38 
23 52 60 45 1 30 2 21 0 79 50 45 34 41 64 76 31 51 62 20 42 93 78 39 81 50 8 90 1 73 78 67 99 92 91 31 46 15 15 34 48 43 92 95 64 40 67 47 91 77 8 7 76 22 90 18 60 27 66 3 26 56 4 82 95 71 67 52 74 83 98 42 23 31 84 89 97 34 38 39 11 90 39 80 23 0 86 0 92 0 73 49 34 21 84 95 80 1 47 27 
15 84 40 61 34 4 60 9 88 16 90 15 23 74 78 92 79 82 47 68 28 22 92 25 43 14 53 60 63 21 49 93 26 17 18 74 14 48 69 63 78 61 65 26 84 10 63 81 92 20 85 69 75 75 7 74 26 31 57 99 77 91 49 39 76 93 82 92 46 67 9 38 89 64 18 13 20 44 50 3 90 53 54 95 98 34 48 39 5 73 0 34 75 8 9 15 64 41 66 63 
61 93 97 46 77 16 48 39 27 44 77 77 57 33 70 9 55 96 78 4 4 35 64 25 49 33 62 57 37 19 16 80 62 38 9 92 65 89 31 63 67 64 32 45 73 47 4 35 24 70 22 11 48 29 45 8 12 21 76 47 69 84 48 15 87 60 11 90 21 75 40 30 20 49 67 91 5 87 89 44 55 95 40 67 26 71 52 9 89 49 34 0 18 91 73 37 49 46 71 70 
20 96 84 55 53 56 37 70 87 11 70 32 90 36 26 89 11 50 44 56 60 29 54 69 22 60 48 39 27 71 98 80 78 33 1 0 60 38 70 71 8 67 80 14 51 9 28 79 68 93 24 3 11 28 50 98 63 48 82 97 20 44 60 45 84 40 83 44 74 28 78 55 58 60 79 35 85 32 7 66 85 22 37 49 2 14 15 32 66 34 75 18 0 7 67 28 57 89 74 39 
64 98 10 78 31 79 56 57 45 70 52 7 77 25 44 34 22 70 56 25 97 1 1 29 15 99 73 68 77 22 64 58 49 29 3 26 27 7 33 88 38 26 43 24 56 99 2 68 35 30 92 34 5 85 19 1 24 78 31 20 99 11 70 25 10 53 0 62 48 23 31 46 39 91 72 49 21 0 44 27 80 97 0 61 35 60 91 95 22 21 8 91 7 0 47 56 94 96 73 17 
29 23 22 49 75 80 46 62 35 41 95 10 58 61 6 86 25 4 30 40 92 78 24 6 7 74 8 25 57 58 75 29 7 89 53 82 77 39 21 14 1 55 7 91 31 7 21 10 45 75 19 23 69 41 87 32 37 12 38 60 62 92 25 41 26 76 8 83 80 58 69 98 53 43 15 11 95 39 78 98 22 67 5 34 44 38 72 66 39 84 9 73 67 47 0 41 92 52 29 52 
4 14 70 83 55 60 2 98 40 27 31 11 12 50 29 88 60 72 55 45 80 29 22 14 4 68 44 65 91 92 6 64 93 44 45 48 74 71 46 35 67 85 80 41 6 36 88 56 45 36 28 3 46 50 44 79 18 89 88 45 12 74 77 70 48 79 3 93 70 17 93 70 81 89 24 76 18 37 50 39 2 18 3 68 57 25 96 17 65 95 15 37 28 56 41 0 96 36 68 5 
18 52 60 6 14 67 31 37 84 18 74 10 8 46 45 77 88 4 34 17 61 31 20 87 80 15 37 57 90 80 49 23 15 4 81 72 89 61 28 59 82 79 69 54 36 88 3 18 34 59 98 0 57 17 28 52 20 56 30 10 46 4 78 8 69 71 77 50 64 40 36 11 11 5 56 96 86 52 80 85 2 76 90 45 65 82 47 55 77 80 64 49 57 94 92 96 0 98 80 14 
82 85 73 33 90 89 17 65 30 89 24 19 60 63 34 16 61 59 58 34 47 11 85 99 15 4 23 83 57 42 60 20 98 98 82 79 82 85 4 13 48 12 93 3 25 16 94 26 9 80 80 41 94 24 31 89 65 44 67 2 79 87 78 93 62 46 53 35 28 74 87 75 26 77 30 85 1 25 57 15 59 10 26 16 48 29 70 16 17 1 41 46 89 96 52 36 98 0 67 40 
43 11 57 90 32 30 49 40 19 84 65 61 16 99 98 20 90 69 62 10 65 83 65 49 88 53 55 96 84 82 61 23 65 36 6 26 73 25 5 79 72 89 99 98 85 7 39 4 71 57 47 73 82 59 65 33 96 39 0 9 50 97 52 82 33 12 7 93 40 60 89 9 66 97 92 78 79 46 4 54 43 30 60 63 45 12 6 21 37 47 66 71 74 73 29 68 80 67 0 80 
54 63 27 59 93 23 68 33 63 13 49 37 26 32 32 99 21 57 92 47 33 4 74 69 21 79 91 34 15 78 77 93 33 53 70 71 17 64 28 34 83 67 0 94 34 1 38 88 45 49 6 52 71 43 47 95 53 58 4 60 53 46 37 58 63 7 49 7 49 64 24 55 83 27 77 87 86 49 50 96 85 51 8 76 0 96 4 66 38 27 63 70 39 17 52 5 14 40 80 0 
